image_width: 640
image_height: 480
camera_name: test_camera
camera_matrix:
  rows: 3
  cols: 3
  data: [442.178227, 0.000000, 304.084124,
         0.000000, 439.793170, 321.839217,
         0.000000, 0.000000, 1.000000]
distortion_model: plumb_bob
distortion_coefficients:
  rows: 1
  cols: 5
  data: [-0.310443, 0.080100, 0.002287, -0.001223, 0.000000]
rectification_matrix:
  rows: 3
  cols: 3
  data: [1.000000, 0.000000, 0.000000,
         0.000000, 1.000000, 0.000000,
         0.000000, 0.000000, 1.000000]
projection_matrix:
  rows: 3
  cols: 4
  data: [442.178227, 0.000000, 304.084124, 0.000000,
         0.000000, 439.793170, 321.839217, 0.000000,
         0.000000, 0.000000, 1.000000, 0.000000]
